18005.1	1.13615	7130.05	5694.94	0
18006.1	1.01696	7131.16	5694.21	2.37079
18007.1	0.758353	7133.95	5692.36	4.12026
18008.1	0.599428	7138.24	5689.52	6.0536
18009.1	0.584653	7144.16	5685.6	7.94441
18010.1	0.581993	7151.73	5680.63	9.97726
18011.1	0.578856	7161.02	5674.56	12.0566
18012.1	0.57666	7171.81	5667.53	12.736
18013.1	0.557275	7181.07	5661.76	9.47979
18014.1	0.590554	7187.47	5657.3	6.44711
18015.1	0.627405	7191.53	5654.25	4.02595
18016.1	0.641162	7193.71	5652.61	1.21547
18017.1	0.641238	7193.8	5652.54	0
18018.1	0.641238	7193.8	5652.54	0
18019.1	0.641238	7193.8	5652.54	0
18020.1	0.641238	7193.8	5652.54	0
18021.1	0.641238	7193.8	5652.54	0
18022.1	0.641238	7193.8	5652.54	0
18023.1	0.641238	7193.8	5652.54	0
18024.1	0.641238	7193.8	5652.54	0
18025.1	0.641238	7193.8	5652.54	0
18026.1	0.641238	7193.8	5652.54	0
18027.1	0.641238	7193.8	5652.54	0
18028.1	0.641238	7193.8	5652.54	0
18029.1	0.641238	7193.8	5652.54	0
18030.1	0.641238	7193.8	5652.54	0
18031.1	0.641238	7193.8	5652.54	0
18032.1	0.641238	7193.8	5652.54	0
18033.1	0.641238	7193.8	5652.54	0
18034.1	0.641238	7193.8	5652.54	0
18035.1	0.641238	7193.8	5652.54	0
18036.1	0.64129	7193.86	5652.5	0.49172
18037.1	0.642524	7195.27	5651.44	2.73885
18038.1	0.644277	7198.34	5649.14	4.71805
18039.1	0.643408	7202.92	5645.7	6.60815
18040.1	0.643501	7207.1	5638.44	8.45766
18041.1	0.634997	7214.78	5632.81	10.3459
18042.1	0.631851	7224	5626.06	12.3316
18043.1	0.636997	7234.68	5618.16	14.0258
18044.1	0.656448	7246.78	5608.91	15.5484
18045.1	0.198151	7261.63	5603.93	15.6177
18046.1	0.046343	7277.19	5603.21	15.5924
18047.1	0.046343	7292.77	5602.49	15.6371
18048.1	0.046343	7308.34	5601.77	15.5737
18049.1	0.046343	7323.91	5601.05	15.6018
18050.1	0.046343	7339.48	5600.32	15.6376
18051.1	0.046343	7355.04	5599.6	15.5242
18052.1	0.046343	7370.59	5598.88	15.3223
18053.1	0.046343	7384.03	5598.26	11.9403
18054.1	0.0849455	7394.03	5597.33	8.66403
18055.1	0.338915	7399.98	5594.22	5.8939
18056.1	0.705961	7402.05	5590.28	3.44303
18057.1	1.23078	7401.63	5585.81	5.66787
18058.1	1.71032	7400.19	5579.3	7.58414
18059.1	1.93703	7397.02	5571.25	9.51372
18060.1	1.50949	7398.42	5558.9	11.2769
18061.1	2.02544	7393.02	5547.84	12.927
18062.1	2.02544	7387.32	5536.18	12.9945
18063.1	2.02544	7381.63	5524.55	12.9103
18064.1	2.02544	7375.94	5512.91	12.9433
18065.1	2.02544	7370.24	5501.24	12.9676
18066.1	2.02544	7364.55	5489.6	12.9783
18067.1	2.0278	7358.82	5477.93	13.0055
18068.1	2.03077	7353.06	5466.3	12.9256
18069.1	2.03077	7347.3	5454.7	12.9792
18070.1	2.03077	7341.55	5443.07	12.9986
18071.1	2.03077	7336.4	5432.69	10.1904
18072.1	2.03077	7332.65	5425.12	7.16657
18073.1	2.03077	7330.16	5420.09	4.50709
18074.1	2.03077	7328.69	5417.12	2.46243
18075.1	2.03077	7327.93	5415.6	1.15238
18076.1	2.03077	7327.61	5414.94	0.459642
18077.1	2.03077	7327.48	5414.69	0.169077
18078.1	2.03077	7327.44	5414.6	0.0588233
18079.1	2.03077	7327.42	5414.56	0.0216483
18080.1	2.03077	7327.42	5414.55	0
18081.1	2.03077	7327.42	5414.55	0
18082.1	2.03077	7327.42	5414.55	0
18083.1	2.03077	7327.42	5414.55	0
18084.1	2.03077	7327.42	5414.55	0
18085.1	2.03077	7327.42	5414.55	0
18086.1	2.03077	7327.42	5414.55	0
18087.1	2.03077	7327.42	5414.55	0
18088.1	2.03077	7327.42	5414.55	0
18089.1	2.03077	7327.42	5414.55	0
18090.1	2.03077	7327.42	5414.55	0
18091.1	2.03077	7327.42	5414.55	0
18092.1	2.03077	7327.42	5414.55	0
18093.1	2.03077	7327.42	5414.55	0
18094.1	2.03077	7327.42	5414.55	0
18095.1	2.03077	7327.42	5414.55	0
18096.1	2.03077	7327.42	5414.55	0
18097.1	2.03077	7327.42	5414.55	0
18098.1	2.03077	7327.42	5414.55	0
18099.1	2.03077	7327.42	5414.55	0
18100.1	2.03077	7327.42	5414.55	0
18101.1	2.03077	7327.42	5414.55	0
18102.1	2.03077	7327.42	5414.55	0
18103.1	2.03077	7327.42	5414.55	0
18104.1	2.03077	7327.42	5414.55	0
18105.1	2.03077	7327.42	5414.55	0
18106.1	2.03077	7327.42	5414.55	0
18107.1	2.03077	7327.42	5414.55	0
18108.1	2.03077	7327.42	5414.55	0
18109.1	2.03077	7327.42	5414.55	0
18110.1	2.03077	7327.42	5414.55	0.00764597
18111.1	2.03077	7327.42	5414.55	0.0027056
18112.1	2.03077	7327.41	5414.55	0.0009958
18113.1	2.03077	7327.41	5414.55	0.000350816
18114.1	2.03077	7327.41	5414.55	0.000122593
18115.1	2.03077	7327.41	5414.55	4.49376e-05
18116.1	2.03077	7327.41	5414.55	1.59927e-05
18117.1	2.03077	7327.41	5414.55	5.66063e-06
18118.1	2.03077	7327.41	5414.55	2.03614e-06
18119.1	2.03077	7327.41	5414.55	7.13511e-07
18120.1	2.03077	7327.41	5414.55	2.63386e-07
18121.1	2.03077	7327.41	5414.55	9.14023e-08
18122.1	2.03077	7327.41	5414.55	3.39512e-08
18123.1	2.03077	7327.41	5414.55	1.21637e-08
18124.1	2.03077	7327.41	5414.55	4.35301e-09
18125.1	2.03077	7327.41	5414.55	1.49813e-09
18126.1	2.03077	7327.41	5414.55	5.61233e-10
18127.1	2.03077	7327.41	5414.55	1.9002e-10
18128.1	2.03077	7327.41	5414.55	6.96766e-11
18129.1	2.03077	7327.41	5414.55	2.52833e-11
18130.1	2.03077	7327.41	5414.55	8.89634e-12
18131.1	2.03077	7327.41	5414.55	3.24408e-12
18132.1	2.03077	7327.41	5414.55	1.15173e-12
18133.1	2.03077	7327.41	5414.55	4.10031e-13
18134.1	2.03077	7327.41	5414.55	1.56287e-13
18135.1	2.03077	7327.41	5414.55	5.9191e-14
18136.1	2.03077	7327.41	5414.55	6.15008e-14
18137.1	2.03077	7327.41	5414.55	5.88991e-14
18138.1	2.03077	7327.41	5414.55	6.10659e-14
18139.1	2.03077	7327.41	5414.55	6.00634e-14
18140.1	2.03077	7327.41	5414.55	6.04101e-14
18141.1	2.03077	7327.41	5414.55	6.09793e-14
18142.1	2.03077	7327.41	5414.55	5.87326e-14
18143.1	2.03077	7327.41	5414.55	6.0529e-14
18144.1	2.03077	7327.41	5414.55	6.03908e-14
18145.1	2.03077	7327.41	5414.55	5.92244e-14
18146.1	2.03077	7327.41	5414.55	5.95365e-14
18147.1	2.03077	7327.41	5414.55	6.01618e-14
18148.1	2.03077	7327.41	5414.55	5.92823e-14
18149.1	2.03077	7327.41	5414.55	6.08918e-14
18150.1	2.03077	7327.41	5414.55	6.11435e-14
18151.1	2.03077	7327.41	5414.55	5.87611e-14
18152.1	2.03077	7327.41	5414.55	6.01402e-14
18153.1	2.03077	7327.41	5414.55	5.98527e-14
18154.1	2.03077	7327.41	5414.55	5.91723e-14
18155.1	2.03077	7327.41	5414.55	6.01503e-14
18156.1	2.03077	7327.41	5414.55	5.95366e-14
18157.1	2.03077	7327.41	5414.55	6.10073e-14
18158.1	2.03077	7327.41	5414.55	6.05295e-14
18159.1	2.03077	7327.41	5414.55	6.06357e-14
18160.1	2.03077	7327.41	5414.55	6.04061e-14
18161.1	2.03077	7327.41	5414.55	5.99241e-14
18162.1	2.03077	7327.41	5414.55	6.10336e-14
18163.1	2.03077	7327.41	5414.55	5.93351e-14
18164.1	2.03077	7327.41	5414.55	6.12076e-14
18165.1	2.03077	7327.41	5414.55	5.86561e-14
18166.1	2.03077	7327.41	5414.55	6.1001e-14
18167.1	2.03077	7327.41	5414.55	5.91833e-14
18168.1	2.03077	7327.41	5414.55	5.96069e-14
18169.1	2.03077	7327.41	5414.55	6.14416e-14
18170.1	2.03077	7327.41	5414.55	6.03002e-14
18171.1	2.03077	7327.41	5414.55	5.94325e-14
18172.1	2.03077	7327.41	5414.55	5.99365e-14
18173.1	2.03077	7327.41	5414.55	6.12872e-14
18174.1	2.03077	7327.41	5414.55	5.89352e-14
18175.1	2.03077	7327.41	5414.55	5.92618e-14
18176.1	2.03077	7327.41	5414.55	5.97664e-14
18177.1	2.03077	7327.41	5414.55	6.15626e-14
18178.1	2.03077	7327.41	5414.55	5.85977e-14
18179.1	2.03077	7327.41	5414.55	5.95806e-14
18180.1	2.03077	7327.41	5414.55	6.09037e-14
18181.1	2.03077	7327.41	5414.55	5.97126e-14
18182.1	2.03077	7327.41	5414.55	6.07438e-14
18183.1	2.03077	7327.41	5414.55	6.11947e-14
18184.1	2.03077	7327.41	5414.55	5.86824e-14
18185.1	2.03077	7327.41	5414.55	6.10993e-14
18186.1	2.03077	7327.35	5414.41	0.73544
18187.1	2.03077	7327.11	5413.94	0
18188.1	2.03077	7327.11	5413.94	0
18189.1	2.03077	7327.11	5413.94	0
18190.1	2.03077	7327.11	5413.94	0
18191.1	2.03077	7327.11	5413.94	0
18192.1	2.03077	7327.11	5413.94	0
18193.1	2.03077	7327.11	5413.94	0
18194.1	2.03077	7327.11	5413.94	0
18195.1	2.03077	7327.11	5413.94	0
18196.1	2.03077	7327.11	5413.94	0
18197.1	2.03077	7327.11	5413.94	0
18198.1	2.03077	7327.11	5413.94	0
18199.1	2.03077	7327.11	5413.94	0
18200.1	2.03077	7327.11	5413.94	0
18201.1	2.03077	7327.11	5413.94	0
18202.1	2.03077	7327.11	5413.94	0
18203.1	2.03077	7327.11	5413.94	0
18204.1	2.03077	7327.11	5413.94	0
18205.1	2.03077	7327.11	5413.94	0
18206.1	2.03077	7327.11	5413.94	0
18207.1	2.03077	7327.11	5413.94	0
18208.1	2.03077	7327.11	5413.94	0
18209.1	2.03077	7327.11	5413.94	0
18210.1	2.03077	7327.11	5413.94	0
18211.1	2.03077	7327.11	5413.94	0
18212.1	2.03077	7327.11	5413.94	0
18213.1	2.03077	7327.11	5413.94	0
18214.1	2.03077	7327.11	5413.94	0
18215.1	2.03077	7327.11	5413.94	0
18216.1	2.03077	7327.11	5413.94	0
18217.1	2.03077	7327.11	5413.94	0
18218.1	2.03077	7327.11	5413.94	0
18219.1	2.03077	7327.11	5413.94	0
18220.1	2.03077	7327.11	5413.94	0
18221.1	2.03077	7327.11	5413.94	0
18222.1	2.03077	7327.11	5413.94	0
18223.1	2.03077	7327.11	5413.94	0
18224.1	2.03077	7327.11	5413.94	0
18225.1	2.03077	7327.11	5413.94	0
18226.1	2.03077	7327.11	5413.94	0
18227.1	2.03077	7327.11	5413.94	0
18228.1	2.03077	7327.11	5413.94	0
18229.1	2.03077	7327.11	5413.94	0
18230.1	2.03077	7327.11	5413.94	0
18231.1	2.03077	7327.11	5413.94	0
18232.1	2.03077	7327.11	5413.94	0
18233.1	2.03077	7327.11	5413.94	0
18234.1	2.03077	7327.11	5413.94	0
18235.1	2.03077	7327.11	5413.94	0
18236.1	2.03077	7327.11	5413.94	0
18237.1	2.03077	7327.11	5413.94	0
18238.1	2.03077	7327.11	5413.94	0
18239.1	2.03077	7327.11	5413.94	0
18240.1	2.03077	7327.11	5413.94	0
18241.1	2.03077	7327.08	5413.87	0.492998
18242.1	2.03002	7326.31	5412.3	2.66906
18243.1	2.02812	7324.66	5408.92	4.6361
18244.1	2.02521	7322.13	5403.74	6.66207
18245.1	2.02473	7318.79	5396.88	7.81715
18246.1	2.02473	7316.04	5391.24	5.11012
18247.1	2.02311	7314.35	5387.75	2.93429
18248.1	2.022	7313.45	5385.87	1.4531
18249.1	2.0215	7313.04	5385.01	0.626026
18250.1	2.0213	7312.87	5384.67	0.230128
18251.1	2.02122	7312.82	5384.54	0.0819561
18252.1	2.0212	7312.79	5384.5	0.0312333
18253.1	2.02119	7312.79	5384.48	0.0110082
18254.1	2.02118	7312.78	5384.48	0.00402981
18255.1	2.02118	7312.78	5384.47	0.00140154
18256.1	2.02118	7312.78	5384.47	0.000526421
18257.1	2.02118	7312.78	5384.47	0.000186245
18258.1	2.02118	7312.78	5384.47	6.64833e-05
18259.1	2.02118	7312.78	5384.47	2.45425e-05
18260.1	2.02118	7312.78	5384.47	8.71814e-06
18261.1	2.02118	7312.78	5384.47	3.23979e-06
18262.1	2.02118	7312.78	5384.47	1.12561e-06
18263.1	2.02117	7312.77	5384.45	0.163198
18264.1	2.02084	7312.5	5383.89	1.0488
18265.1	2.01989	7311.73	5382.27	2.45559
18266.1	2.01836	7310.23	5379.16	4.33163
18267.1	2.01836	7308.42	5375.38	3.7782
18268.1	2.01836	7307.19	5372.83	1.95299
18269.1	2.01836	7306.61	5371.62	0.919063
18270.1	2.01836	7306.37	5371.11	0.350988
18271.1	2.01836	7306.28	5370.93	0.122747
18272.1	2.01836	7306.25	5370.86	0.0445143
18273.1	2.01836	7306.24	5370.84	0.0155511
18274.1	2.01836	7306.23	5370.83	0.00551796
18275.1	2.01836	7306.23	5370.83	0.00201687
18276.1	2.01836	7306.23	5370.83	0.000712926
18277.1	2.01836	7306.23	5370.83	0.000263379
18278.1	2.01836	7306.23	5370.83	9.3851e-05
18279.1	2.01836	7306.23	5370.83	3.44118e-05
18280.1	2.01836	7306.23	5370.83	1.23862e-05
18281.1	2.01836	7306.23	5370.83	4.40732e-06
18282.1	2.01836	7306.23	5370.83	1.53043e-06
18283.1	2.01836	7306.23	5370.83	5.62518e-07
18284.1	2.01836	7306.23	5370.83	1.99849e-07
18285.1	2.01836	7306.23	5370.83	7.41176e-08
18286.1	2.01836	7306.23	5370.83	2.61837e-08
18287.1	2.01836	7306.23	5370.83	9.48644e-09
18288.1	2.01836	7306.13	5370.61	0.856752
18289.1	2.01836	7305.53	5369.38	1.9939
18290.1	2.01836	7304.34	5366.89	3.14879
18291.1	2.01836	7303.15	5364.41	2.40563
18292.1	2.01836	7302.25	5362.54	1.72725
18293.1	2.01836	7301.66	5361.32	1.04472
18294.1	2.01836	7301.34	5360.63	0.539345
18295.1	2.01836	7301.18	5360.3	0.245323
18296.1	2.01836	7301.11	5360.15	0.105408
18297.1	2.01836	7301.08	5360.09	0.0452476
18298.1	2.01836	7301.06	5360.06	0.0179713
18299.1	2.01836	7301.06	5360.05	0.00721613
18300.1	2.01836	7301.06	5360.05	0.00293824
18301.1	2.01836	7301.06	5360.05	0.00115527
18302.1	2.01836	7301.06	5360.05	0.000445535
18303.1	2.01836	7301.06	5360.05	0.000174281
18304.1	2.01836	7301.06	5360.05	6.61864e-05
18305.1	2.01836	7301.06	5360.05	2.5301e-05
18306.1	2.01836	7301.06	5360.05	9.88362e-06
18307.1	2.01836	7301.06	5360.05	3.64918e-06
18308.1	2.01836	7301.06	5360.05	1.39399e-06
18309.1	2.01836	7301.06	5360.05	5.16867e-07
18310.1	2.01836	7301.06	5360.05	1.9427e-07
18311.1	2.01836	7301.06	5360.05	7.38096e-08
18312.1	2.01836	7301.06	5360.05	2.79841e-08
18313.1	2.01836	7301.06	5360.05	1.01655e-08
18314.1	2.01836	7301.06	5360.05	3.86449e-09
18315.1	2.01836	7301.06	5360.05	1.48529e-09
18316.1	2.01836	7301.06	5360.05	5.4861e-10
18317.1	2.01836	7301.06	5360.05	2.04474e-10
18318.1	2.01836	7301.06	5360.05	7.43799e-11
18319.1	2.01836	7301.06	5360.05	2.80302e-11
18320.1	2.01836	7301.06	5360.05	1.02732e-11
18321.1	2.01836	7300.83	5359.57	1.20547
18322.1	2.01836	7299.92	5357.68	2.84784
18323.1	2.01836	7299.4	5356.6	0
18324.1	2.01836	7299.4	5356.6	0
18325.1	2.01836	7299.4	5356.6	0
18326.1	2.01836	7299.4	5356.6	0
18327.1	2.01836	7299.4	5356.6	0
18328.1	2.01836	7299.4	5356.6	0
18329.1	2.01836	7299.4	5356.6	0
18330.1	2.01836	7299.4	5356.6	0
18331.1	2.01836	7299.4	5356.6	0
18332.1	2.01836	7299.4	5356.6	0
18333.1	2.01836	7299.4	5356.6	0
18334.1	2.01836	7299.4	5356.6	0
18335.1	2.01836	7299.4	5356.6	0
18336.1	2.01836	7299.4	5356.6	0
18337.1	2.01836	7299.4	5356.6	0
18338.1	2.01836	7299.4	5356.6	0
18339.1	2.01836	7299.4	5356.6	0
18340.1	2.01836	7299.4	5356.6	0
18341.1	2.01836	7299.4	5356.6	0
18342.1	2.01836	7299.4	5356.6	0
18343.1	2.01836	7299.1	5355.98	1.69396
18344.1	2.01836	7297.9	5353.48	3.59032
18345.1	2.01836	7295.9	5349.31	5.41668
18346.1	2.01883	7293.08	5343.44	7.4625
18347.1	2.02094	7289.38	5335.79	9.34597
18348.1	2.02537	7284.76	5326.34	11.4412
18349.1	2.02549	7279.32	5315.22	12.9345
18350.1	2.02549	7273.62	5303.57	13.0261
18351.1	2.02549	7267.95	5291.96	12.513
18352.1	2.02549	7263.54	5282.95	8.01304
18353.1	2.02549	7261.11	5277.97	3.51304
18354.1	2.02549	7260.02	5275.74	1.76812
18355.1	2.02549	7259.5	5274.67	0.773755
18356.1	2.02549	7259.29	5274.24	0.301484
18357.1	2.02549	7259.21	5274.09	0.107343
18358.1	2.02549	7259.19	5274.03	0.0383279
18359.1	2.02549	7259.18	5274.01	0.013652
18360.1	2.02549	7259.17	5274	0.004847
18361.1	2.02549	7259.17	5274	0.00174841
18362.1	2.02549	7259.17	5274	0.000641853
18363.1	2.02549	7259.17	5274	0.00022343
18364.1	2.02549	7259.17	5274	7.98843e-05
18365.1	2.02549	7259.17	5274	2.96633e-05
18366.1	2.02549	7259.17	5274	1.04633e-05
18367.1	2.02549	7259.17	5274	3.87707e-06
18368.1	2.02549	7259.17	5274	1.37533e-06
18369.1	2.02549	7259.17	5274	4.98897e-07
18370.1	2.02549	7259.17	5274	1.77612e-07
18371.1	2.02549	7259.17	5274	6.26436e-08
18372.1	2.02549	7259.17	5274	2.1957e-08
18373.1	2.02549	7259.17	5274	8.10359e-09
18374.1	2.02549	7259.17	5274	2.90646e-09
18375.1	2.02549	7259.17	5274	1.01177e-09
18376.1	2.02549	7259.17	5274	3.62784e-10
18377.1	2.02549	7259.17	5274	1.30445e-10
18378.1	2.02549	7259.17	5274	4.56705e-11
18379.1	2.02549	7259.17	5274	1.67779e-11
18380.1	2.02549	7259.17	5274	6.11179e-12
18381.1	2.02549	7259.17	5274	2.13763e-12
18382.1	2.02549	7259.17	5274	7.69221e-13
18383.1	2.02549	7259.17	5274	2.85903e-13
18384.1	2.02549	7259.17	5274	9.92883e-14
18385.1	2.02549	7259.17	5274	5.90426e-14
18386.1	2.02549	7259.17	5274	6.14594e-14
18387.1	2.02549	7259.17	5274	5.90491e-14
18388.1	2.02549	7259.17	5274	6.00956e-14
18389.1	2.02549	7259.17	5274	6.1026e-14
18390.1	2.02549	7259.17	5274	6.03334e-14
18391.1	2.02549	7259.17	5274	6.01843e-14
18392.1	2.02549	7259.17	5274	6.05195e-14
18393.1	2.02549	7259.17	5274	5.88194e-14
18394.1	2.02549	7259.17	5274	5.89058e-14
18395.1	2.02549	7259.17	5274	5.89135e-14
18396.1	2.02549	7259.17	5274	6.02489e-14
18397.1	2.02549	7259.17	5274	6.05885e-14
18398.1	2.02549	7259.17	5274	5.96843e-14
18399.1	2.02549	7259.17	5274	6.15772e-14
18400.1	2.02549	7259.16	5273.98	0.252534
18401.1	2.02583	7258.46	5272.56	2.60928
18402.1	2.02783	7256.9	5269.43	4.32893
18403.1	2.03232	7254.44	5264.51	6.47592
18404.1	2.03697	7251.01	5257.71	8.48818
18405.1	2.03748	7246.7	5249.14	10.4616
18406.1	2.03748	7241.51	5238.84	12.3607
18407.1	2.03748	7235.7	5227.31	13.0338
18408.1	2.03748	7229.86	5215.72	12.9701
18409.1	2.03748	7224.04	5204.16	12.951
18410.1	2.03817	7218.19	5192.57	13.0336
18411.1	2.04011	7212.31	5180.98	13.0359
18412.1	2.04011	7206.44	5169.41	12.9154
18413.1	2.03993	7200.58	5157.84	12.9422
18414.1	2.03981	7194.71	5146.27	13.0225
18415.1	2.03991	7188.84	5134.67	12.9583
18416.1	2.03997	7182.97	5123.1	12.9203
18417.1	2.03997	7177.12	5111.55	12.9116
18418.1	2.04043	7171.27	5100.03	12.4017
18419.1	2.0399	7166.48	5090.59	9.22442
18420.1	2.03988	7163.08	5083.87	6.18213
18421.1	2.03988	7160.88	5079.54	3.82481
18422.1	2.03988	7159.64	5077.09	2.01139
18423.1	2.03988	7159.05	5075.91	0.880601
18424.1	2.03988	7158.8	5075.42	0.348744
18425.1	2.03988	7158.7	5075.23	0.121407
18426.1	2.03988	7158.27	5074.39	1.43992
18427.1	2.03988	7157.23	5072.32	3.13765
18428.1	2.03988	7155.39	5068.69	4.89829
18429.1	2.03988	7153.08	5064.13	4.36124
18430.1	2.03988	7151.62	5061.26	2.14661
18431.1	2.03988	7151.44	5060.9	0
18432.1	2.03988	7151.44	5060.9	0
18433.1	2.03988	7151.44	5060.9	0
18434.1	2.03988	7151.44	5060.9	0
18435.1	2.03988	7151.44	5060.9	0
18436.1	2.03988	7151.44	5060.9	0
18437.1	2.03988	7151.44	5060.9	0
18438.1	2.03988	7151.44	5060.9	0
18439.1	2.03988	7151.44	5060.9	0
18440.1	2.03988	7151.44	5060.9	0
18441.1	2.03988	7151.44	5060.9	0
18442.1	2.03988	7151.44	5060.9	0
18443.1	2.03988	7151.44	5060.9	0
18444.1	2.03988	7151.44	5060.9	0
18445.1	2.03988	7151.44	5060.9	0
18446.1	2.03988	7151.44	5060.9	0
18447.1	2.03988	7151.44	5060.9	0
18448.1	2.03988	7151.44	5060.9	0
18449.1	2.03988	7151.44	5060.9	0
18450.1	2.03988	7151.44	5060.9	0
18451.1	2.03988	7150.84	5059.72	2.35395
18452.1	2.03988	7149.25	5056.59	4.37734
18453.1	2.03988	7146.84	5051.83	6.26778
18454.1	2.03988	7143.5	5045.23	8.30384
18455.1	2.03988	7139.25	5036.85	10.3381
18456.1	2.04588	7133.98	5026.61	12.3413
18457.1	2.05762	7127.92	5015.15	12.9954
18458.1	2.05864	7121.83	5003.67	12.9337
18459.1	2.05864	7115.74	4992.2	12.9886
18460.1	2.05864	7110.02	4981.41	10.8947
18461.1	2.05864	7105.75	4973.37	7.70749
18462.1	2.05864	7102.84	4967.88	5.05515
18463.1	2.05864	7101.07	4964.54	2.82298
18464.1	2.05864	7100.13	4962.77	1.4205
18465.1	2.05864	7099.71	4961.99	0.567112
18466.1	2.05864	7099.55	4961.68	0.211484
18467.1	2.05863	7099.49	4961.57	0.0746374
18468.1	2.05863	7099.47	4961.53	0.0262794
18469.1	2.05869	7096.56	4963.11	0.507483
18470.1	2.05857	7095.77	4961.61	2.59444
18471.1	2.0583	7094.07	4958.41	4.5237
18472.1	2.0672	7091.8	4954.35	3.86207
18473.1	2.07809	7090.4	4951.98	1.99492
18474.1	2.08346	7089.71	4950.83	0.87798
18475.1	2.08567	7089.43	4950.35	0.346142
18476.1	2.08648	7089.33	4950.18	0.122704
18477.1	2.08677	7089.29	4950.12	0.0430188
18478.1	2.08688	7089.28	4950.09	0.0158893
18479.1	2.08691	7089.27	4950.09	0.00545509
18480.1	2.08703	7089.26	4950.06	0.260767
18481.1	2.08996	7088.51	4948.73	2.44214
18482.1	2.08274	7086.97	4945.66	4.30989
18483.1	2.05196	7084.58	4940.9	6.17225
18484.1	2.03635	7081.3	4934.37	8.2767
18485.1	2.01958	7077.27	4925.9	10.2269
18486.1	1.95673	7073.03	4915.46	12.0451
18487.1	1.95673	7068.2	4903.59	12.9872
18488.1	1.95673	7063.32	4891.57	12.9168
18489.1	1.95673	7058.44	4879.57	12.9531
18490.1	1.95673	7053.56	4867.54	13.0064
18491.1	1.95673	7048.68	4855.53	12.9127
18492.1	1.95673	7043.8	4843.51	13.0188
18493.1	1.95673	7038.92	4831.51	12.9189
18494.1	1.95673	7034.04	4819.5	12.9281
18495.1	1.95673	7029.16	4807.48	12.9882
18496.1	1.95673	7024.59	4796.24	12.1884
18497.1	1.95673	7020.47	4786.11	11.1775
18498.1	1.95673	7019.63	4775.27	10.6547
18499.1	1.95673	7015.44	4764.95	11.5113
18500.1	1.95673	7011.07	4754.19	11.2061
18501.1	1.95673	7007.37	4745.09	8.84428
18502.1	1.95673	7004.43	4737.85	6.89551
18503.1	1.95673	7002.16	4732.27	5.30085
18504.1	1.95673	7000.49	4728.15	3.7776
18505.1	1.95673	6999.32	4725.27	2.49128
18506.1	1.95673	6998.59	4723.48	1.49311
18507.1	1.95673	6998.19	4722.5	0.741294
18508.1	1.95673	6998	4722.03	0.341443
18509.1	1.95673	6997.92	4721.83	0.134238
18510.1	1.95673	6997.89	4721.75	0.0550021
18511.1	1.95673	6997.87	4721.72	0.0223877
18512.1	1.95673	6997.87	4721.7	0.00889638
18513.1	1.95673	6997.86	4721.7	0.00345133
18514.1	1.95673	6997.86	4721.7	0.00133419
18515.1	1.95673	6997.86	4721.7	0.000512665
18516.1	1.95673	6997.86	4721.7	0.000199023
18517.1	1.95673	6997.86	4721.7	7.33293e-05
18518.1	1.95673	6994.48	4722.14	1.81999
18519.1	1.95673	6993.37	4719.41	3.80748
18520.1	1.95673	6991.57	4714.98	4.6081
18521.1	1.95673	6990.28	4711.79	2.53933
18522.1	1.95673	6989.61	4710.16	1.22018
18523.1	1.95673	6989.33	4709.45	0.493573
18524.1	1.95673	6989.22	4709.19	0.175482
18525.1	1.95673	6989.18	4709.09	0.0626762
18526.1	1.95673	6989.16	4709.06	0.0226225
18527.1	1.95673	6989.16	4709.04	0.00799131
18528.1	1.95673	6989.16	4709.04	0.00285986
18529.1	1.95673	6989.16	4709.04	0.00100851
18530.1	1.95673	6989.16	4709.04	0.000369874
18531.1	1.95673	6989.16	4709.04	0.000133067
18532.1	1.95673	6989.16	4709.04	4.83976e-05
18533.1	1.95673	6989.16	4709.04	1.69981e-05
18534.1	1.95673	6989.16	4709.04	6.31465e-06
18535.1	1.95673	6989.16	4709.04	2.17343e-06
18536.1	1.95673	6989.16	4709.04	8.13231e-07
18537.1	1.95673	6989.16	4709.04	2.77919e-07
18538.1	1.95673	6989.16	4709.04	1.02259e-07
18539.1	1.95673	6989.16	4709.04	3.74817e-08
18540.1	1.95673	6989.15	4709.01	0.254575
18541.1	1.95293	6988.62	4707.59	2.46486
18542.1	1.93855	6988.01	4705.64	2.15766
18543.1	1.91544	6987.03	4702.5	4.19551
18544.1	1.87727	6985.42	4697.31	6.42262
18545.1	1.8724	6983.16	4690.04	8.61207
18546.1	1.8248	6984.03	4679.95	10.8533
18547.1	1.73501	6982.07	4668.13	12.8774
18548.1	1.73106	6980.01	4655.38	12.9499
18549.1	1.66552	6978.79	4642.83	12.9762
18550.1	1.61824	6978.18	4629.88	12.9718
18551.1	1.61824	6977.57	4616.96	12.9552
18552.1	1.61824	6976.95	4604	13.01
18553.1	1.61824	6976.34	4591.04	12.9918
18554.1	1.12304	6980.91	4580.46	12.9081
18555.1	0.145233	6993.95	4578.55	12.9945
18556.1	0.145233	7006.99	4576.64	12.9669
18557.1	0.357315	7019.16	4572.33	13.037
18558.1	0.653237	7030.07	4564.08	12.9649
18559.1	1.29066	7034.02	4551.8	12.8526
18560.1	1.56998	7033.97	4540.78	9.5205
18561.1	1.62309	7033.58	4532.93	6.53024
18562.1	1.60423	7033.51	4527.76	3.99762
18563.1	1.60262	7033.39	4524.96	1.29585
18564.1	1.60255	7033.38	4524.84	0
18565.1	1.60255	7033.38	4524.84	0
18566.1	1.60255	7033.38	4524.84	0
18567.1	1.60255	7033.38	4524.84	0
18568.1	1.60255	7033.38	4524.84	0
18569.1	1.60255	7033.38	4524.84	0
18570.1	1.60255	7033.38	4524.84	0
18571.1	1.60255	7033.38	4524.84	0
18572.1	1.60255	7033.38	4524.84	0
18573.1	1.60255	7033.38	4524.84	0
18574.1	1.60255	7033.38	4524.84	0
18575.1	1.60255	7033.38	4524.84	0
18576.1	1.60255	7033.38	4524.84	0
18577.1	1.60255	7033.38	4524.84	0
18578.1	1.60255	7033.38	4524.84	0
18579.1	1.60255	7033.38	4524.84	0
18580.1	1.60255	7033.38	4524.84	0
18581.1	1.60255	7033.38	4524.84	0
18582.1	1.60255	7033.38	4524.84	0
18583.1	1.60251	7033.38	4524.76	0.498441
18584.1	1.60151	7033.3	4523	2.67205
18585.1	1.60481	7033.15	4519.32	4.51354
18586.1	1.61067	7032.94	4513.79	6.3203
18587.1	1.59973	7032.77	4506.27	8.39869
18588.1	1.63315	7032.09	4496.66	10.4275
18589.1	1.64883	7031.18	4485.08	12.4698
18590.1	1.65303	7030.11	4472.14	12.9236
18591.1	1.6234	7029.4	4459.1	13.0361
18592.1	1.611	7028.87	4446.08	12.9171
18593.1	1.60803	7028.39	4433.12	12.4359
18594.1	1.60538	7028.02	4422.41	9.21897
18595.1	1.60542	7027.75	4414.79	6.25277
18596.1	1.60554	7027.58	4409.84	3.82042
18597.1	1.60561	7027.48	4407.05	2.06885
18598.1	1.60564	7027.44	4405.68	0.926868
18599.1	1.60566	7027.42	4405.12	0.354098
18600.1	1.60566	7027.41	4404.9	0.125964
18601.1	1.60566	7027.41	4404.83	0.0463717
18602.1	1.60566	7027.41	4404.8	0.0166513
18603.1	1.60566	7027.41	4404.79	0.00578426
18604.1	1.60566	7027.41	4404.79	0.00214548
18605.1	1.60566	7027.41	4404.79	0.000768375
18606.1	1.60566	7027.41	4404.79	0.000264378
18607.1	1.60566	7027.41	4404.79	9.77288e-05
18608.1	1.60566	7027.41	4404.79	3.5533e-05
18609.1	1.60566	7027.41	4404.79	1.24187e-05
18610.1	1.60566	7027.41	4404.79	4.43023e-06
18611.1	1.60566	7027.41	4404.79	1.61171e-06
18612.1	1.60566	7027.41	4404.79	5.71852e-07
18613.1	1.60566	7027.41	4404.79	2.13309e-07
18614.1	1.60566	7027.41	4404.79	7.4654e-08
18615.1	1.60566	7027.41	4404.79	2.65569e-08
18616.1	1.60566	7027.41	4404.79	9.73872e-09
18617.1	1.60566	7027.41	4404.79	3.52663e-09
18618.1	1.60566	7027.41	4404.79	1.21312e-09
18619.1	1.60566	7027.41	4404.79	4.4873e-10
18620.1	1.60566	7027.41	4404.79	1.58272e-10
18621.1	1.60566	7027.41	4404.79	5.83881e-11
18622.1	1.60566	7027.41	4404.79	2.06738e-11
18623.1	1.60566	7027.41	4404.79	7.30594e-12
18624.1	1.60566	7027.41	4404.79	2.61741e-12
18625.1	1.60566	7027.41	4404.79	9.50349e-13
18626.1	1.60566	7027.41	4404.79	3.42036e-13
18627.1	1.60566	7027.41	4404.79	1.42004e-13
18628.1	1.60566	7027.41	4404.79	1.12772e-13
18629.1	1.60566	7027.41	4404.79	1.1671e-13
18630.1	1.60566	7027.41	4404.79	1.1437e-13
18631.1	1.60566	7027.41	4404.79	1.14509e-13
18632.1	1.60566	7027.41	4404.79	1.15795e-13
18633.1	1.60566	7027.41	4404.79	1.15892e-13
18634.1	1.60566	7027.41	4404.79	1.17282e-13
18635.1	1.60566	7027.41	4404.79	1.16581e-13
18636.1	1.60566	7027.41	4404.79	1.14496e-13
18637.1	1.60566	7027.41	4404.79	1.13224e-13
18638.1	1.60566	7027.41	4404.79	1.17006e-13
18639.1	1.60566	7027.41	4404.79	1.12822e-13
18640.1	1.60566	7027.4	4404.76	0.253557
18641.1	1.60575	7027.35	4403.25	2.47209
18642.1	1.6063	7027.22	4399.64	4.5084
18643.1	1.60712	7027.02	4394.12	6.35681
18644.1	1.6076	7026.74	4386.64	8.34739
18645.1	1.60899	7026.39	4377.48	9.10165
18646.1	1.60928	7026.05	4368.77	9.65952
18647.1	1.60928	7025.66	4358.66	10.1981
18648.1	1.60928	7025.27	4348.36	10.6464
18649.1	1.60928	7024.87	4338.01	10.4235
18650.1	1.60928	7024.47	4327.66	10.3692
18651.1	1.59709	7024.22	4317.36	10.4599
18652.1	0.961297	7030.6	4309.05	11.2624
18653.1	0.255045	7041.68	4306.17	11.734
18654.1	0.280243	7051.91	4303.22	9.73374
18655.1	0.266821	7060.08	4301.03	7.64161
18656.1	0.259154	7066.46	4299.36	5.88451
18657.1	0.256562	7071.24	4298.11	4.28692
18658.1	0.254805	7074.28	4297.32	2.30521
18659.1	0.256773	7075.81	4296.9	1.12355
18660.1	0.25875	7076.46	4296.7	0.452838
18661.1	0.259498	7076.71	4296.63	0.155524
18662.1	0.259765	7076.8	4296.6	0.0567133
18663.1	0.25986	7076.83	4296.59	0.0198734
18664.1	0.258392	7075.44	4293.56	1.45009
18665.1	0.26544	7077.86	4292.84	3.34078
18666.1	0.273995	7082.17	4291.61	5.41612
18667.1	0.274291	7088.73	4289.8	7.74711
18668.1	0.263096	7097.56	4287.43	10.0512
18669.1	0.265201	7109.63	4287.57	12.2955
18670.1	0.287473	7121.98	4283.91	12.9622
18671.1	0.28307	7134.42	4280.29	12.9467
18672.1	0.284047	7146.87	4276.66	13.0235
18673.1	0.287766	7159.09	4273.04	11.8292
18674.1	0.271126	7168.82	4270.32	8.63703
18675.1	0.293262	7175.59	4268.2	5.84544
18676.1	0.29116	7179.9	4267.01	3.40535
18677.1	0.283377	7181.74	4266.52	0.0587327
18678.1	0.283377	7181.74	4266.52	0
18679.1	0.283377	7181.74	4266.52	0
18680.1	0.283377	7181.74	4266.52	0
18681.1	0.283377	7181.74	4266.52	0
18682.1	0.283377	7181.74	4266.52	0
18683.1	0.283377	7181.74	4266.52	0
18684.1	0.283377	7181.74	4266.52	0
18685.1	0.283377	7181.74	4266.52	0
18686.1	0.283377	7181.74	4266.52	0
18687.1	0.283377	7181.74	4266.52	0
18688.1	0.283377	7181.74	4266.52	0
18689.1	0.283377	7181.74	4266.52	0
18690.1	0.283377	7181.74	4266.52	0
18691.1	0.283377	7181.74	4266.52	0
18692.1	0.283377	7181.74	4266.52	0
18693.1	0.283377	7181.74	4266.52	0
18694.1	0.283377	7181.74	4266.52	0
18695.1	0.283377	7181.74	4266.52	0
18696.1	0.283377	7181.74	4266.52	0
18697.1	0.281876	7182.09	4266.42	1.19133
18698.1	0.273529	7184.31	4265.82	3.20181
18699.1	0.262506	7188.48	4264.71	5.19203
18700.1	0.258068	7194.53	4263.13	7.19386
18701.1	0.257348	7202.5	4261.02	9.1537
18702.1	0.262519	7212.28	4258.39	10.9863
18703.1	0.272388	7223.83	4255.17	12.7677
18704.1	0.278077	7236.29	4251.61	13.0065
18705.1	0.287614	7248.73	4247.94	12.924
18706.1	0.288952	7261.17	4244.24	13.014
18707.1	0.288952	7273.61	4240.54	12.9476
18708.1	0.288952	7285.93	4236.88	12.2167
18709.1	0.288952	7295.96	4233.9	8.97703
18710.1	0.288952	7303.04	4231.8	6.11291
18711.1	0.288952	7307.57	4230.45	3.62517
18712.1	0.288952	7311.59	4229.25	5.32158
18713.1	0.131426	7317.75	4229.34	7.20005
18714.1	-0.491822	7325.44	4234.85	9.29812
18715.1	-1.2107	7329.13	4244.67	11.3323
18716.1	-1.2107	7333.52	4256.32	13.243
18717.1	-1.25953	7338.03	4269.96	15.1431
18718.1	-1.30261	7342.18	4285.05	15.5991
18719.1	-1.41308	7345	4300.46	15.6365
18720.1	-1.44488	7346.94	4315.48	13.8916
18721.1	-1.69136	7345.68	4329.8	14.796
18722.1	-1.43325	7347.84	4345.12	15.5266
18723.1	-2.37698	7341.16	4353.49	12.9889
18724.1	-3.00973	7329.55	4355.03	10.28
18725.1	-3.00804	7321.1	4356.17	7.19158
18726.1	-3.00619	7315.43	4356.94	4.55182
18727.1	-3.00708	7312.08	4357.39	2.23873
18728.1	-3.00722	7311.64	4357.45	0
18729.1	-3.00722	7311.64	4357.45	0
18730.1	-3.00722	7311.64	4357.45	0
18731.1	-3.00722	7311.64	4357.45	0
18732.1	-3.00722	7311.64	4357.45	0
18733.1	-3.00722	7311.64	4357.45	0
18734.1	-3.00722	7311.64	4357.45	0
18735.1	-3.00722	7311.64	4357.45	0
18736.1	-3.00722	7311.64	4357.45	0
18737.1	-3.00722	7311.64	4357.45	0
18738.1	-3.00722	7311.64	4357.45	0
18739.1	-3.00722	7311.64	4357.45	0
18740.1	-3.00722	7311.64	4357.45	0
18741.1	-3.00722	7311.64	4357.45	0
18742.1	-3.00722	7311.64	4357.45	0
18743.1	-3.00722	7311.64	4357.45	0
18744.1	-3.00722	7311.64	4357.45	0
18745.1	-3.00722	7311.64	4357.45	0
18746.1	-3.00722	7311.64	4357.45	0
18747.1	-3.00722	7311.64	4357.45	0
18748.1	-3.00764	7310.36	4357.62	2.16399
18749.1	-3.01049	7307.13	4358.02	4.17441
18750.1	-3.03171	7301.97	4358.46	5.96788
18751.1	3.05414	7295.4	4357.05	8.00939
18752.1	2.02173	7292.85	4348.62	9.96174
18753.1	1.69959	7291.42	4337.71	11.8284
18754.1	1.70412	7289.73	4325.12	12.959
18755.1	0.565188	7299.03	4318.42	13.0033
18756.1	0.0692385	7311.9	4317.53	12.4651
18757.1	0.0693774	7322.56	4316.79	9.24196
18758.1	0.0699511	7330.17	4316.26	6.28468
18759.1	0.0701412	7335.08	4315.91	3.90557
18760.1	0.0701412	7339.47	4315.6	5.52575
18761.1	0.154153	7345.87	4314.15	7.43174
18762.1	0.866551	7349.28	4307.22	9.32517
18763.1	1.70109	7347.78	4296.91	11.4148
18764.1	1.75609	7345.5	4284.66	13.421
18765.1	1.83943	7341.66	4270.73	15.401
18766.1	1.88114	7337.55	4257.65	12.2442
18767.1	1.93071	7333.89	4247.93	9.06477
18768.1	1.93071	7331.3	4241.05	6.13814
18769.1	1.93071	7329.64	4236.64	3.68075
18770.1	1.93071	7328.16	4232.71	5.34888
18771.1	1.88967	7326.33	4226.45	7.45365
18772.1	1.73552	7325.32	4218	9.34469
18773.1	2.08057	7319.59	4208.95	11.3299
18774.1	1.90212	7315.56	4197.24	13.0074
18775.1	1.90212	7311.33	4184.96	12.9521
18776.1	1.90212	7307.73	4174.47	9.57548
18777.1	1.90212	7305.14	4166.94	6.61764
18778.1	1.90212	7303.43	4161.99	4.16654
18779.1	1.90212	7302.46	4159.16	2.20011
18780.1	1.90212	7301.98	4157.76	1.01474
18781.1	1.90212	7301.77	4157.15	0.401402
18782.1	1.90212	7301.69	4156.92	0.145988
18783.1	1.90212	7301.66	4156.84	0.0515954
18784.1	1.90212	7301.65	4156.81	0.018344
18785.1	1.90212	7301.65	4156.8	0.00672908
18786.1	1.90212	7301.65	4156.8	0.00239872
18787.1	1.90212	7301.65	4156.8	0.000863247
18788.1	1.90212	7301.65	4156.8	0.000302133
18789.1	1.90212	7301.65	4156.8	0.000109188
18790.1	1.90212	7301.65	4156.8	4.01886e-05
18791.1	1.90212	7301.65	4156.8	1.45363e-05
18792.1	1.90212	7301.65	4156.8	5.26048e-06
18793.1	1.90212	7301.65	4156.8	1.85699e-06
18794.1	1.90212	7301.65	4156.8	6.61195e-07
18795.1	1.90212	7301.65	4156.8	2.35159e-07
18796.1	1.90212	7301.65	4156.8	8.34687e-08
18797.1	1.90212	7301.65	4156.8	3.05476e-08
18798.1	1.90212	7301.65	4156.8	1.0934e-08
18799.1	1.90212	7301.65	4156.8	3.91766e-09
18800.1	1.90212	7301.65	4156.8	1.4047e-09
18801.1	1.90212	7301.65	4156.8	4.99132e-10
18802.1	1.90212	7301.65	4156.8	1.79818e-10
18803.1	1.90212	7301.65	4156.8	6.75103e-11
18804.1	1.90212	7301.65	4156.8	2.3282e-11
18805.1	1.90212	7301.65	4156.8	8.45653e-12
18806.1	1.90212	7301.65	4156.8	2.95216e-12
18807.1	1.90212	7301.65	4156.8	1.07382e-12
18808.1	1.90212	7301.65	4156.8	3.95094e-13
18809.1	1.90212	7301.65	4156.8	1.37387e-13
18810.1	1.90212	7301.64	4156.77	0.258471
18811.1	1.9062	7301.12	4155.41	2.32128
18812.1	1.93653	7299.61	4152.14	4.56841
18813.1	1.97013	7297.94	4148.52	4.1554
18814.1	2.11122	7294.52	4144.18	6.57898
18815.1	2.45371	7288.24	4139.95	8.50284
18816.1	3.0176	7278.72	4139.52	10.6048
18817.1	-2.96269	7267.42	4141.57	12.4504
18818.1	-2.68222	7255.97	4147.24	13.0119
18819.1	-2.68222	7244.47	4152.92	12.9334
18820.1	-2.68222	7232.95	4158.62	12.9463
18821.1	-2.68222	7221.45	4164.31	12.9157
18822.1	-2.68222	7209.94	4170.01	12.993
18823.1	-2.68222	7198.41	4175.71	13.0277
18824.1	-2.69427	7186.65	4181.36	12.9668
18825.1	-2.70849	7174.86	4186.82	13.0264
18826.1	-2.70849	7163.08	4192.27	12.9748
18827.1	-2.70849	7151.3	4197.72	13.0094
18828.1	-2.70849	7139.51	4203.17	13.0106
18829.1	-2.70849	7127.72	4208.62	13.013
18830.1	-2.70849	7115.95	4214.06	12.9143
18831.1	-2.73277	7103.97	4219.28	12.9481
18832.1	-2.74608	7091.87	4224.33	12.9505
18833.1	-2.78584	7079.76	4228.87	12.971
18834.1	-2.79203	7067.62	4233.3	13.0201
18835.1	-2.79203	7055.5	4237.72	12.9897
18836.1	-2.79203	7043.39	4242.13	12.9414
18837.1	-2.81611	7031.17	4246.28	12.9387
18838.1	-2.86878	7018.74	4249.76	12.9638
18839.1	-2.86878	7006.3	4253.24	13.0152
18840.1	-2.86878	6993.85	4256.72	12.9812
18841.1	-2.81677	6981.72	4260.76	12.5092
18842.1	-2.55602	6971.46	4267.52	12.9356
18843.1	-2.07188	6965.3	4278.11	12.9114
18844.1	-1.77759	6962.47	4290.57	12.9079
18845.1	-1.64281	6961.47	4303.36	13.0287
18846.1	-1.64281	6960.55	4316.13	12.9222
18847.1	-1.64281	6959.63	4328.94	12.9718
18848.1	-1.64281	6958.71	4341.71	12.9658
18849.1	-1.64281	6957.86	4353.44	10.4988
18850.1	-1.64281	6957.24	4362.09	7.43547
18851.1	-1.64281	6956.82	4367.92	4.69915
18852.1	-1.64281	6956.56	4371.42	2.62813
18853.1	-1.64281	6956.43	4373.22	1.25232
18854.1	-1.64281	6956.38	4374.03	0.525968
18855.1	-1.64281	6956.35	4374.34	0.187597
18856.1	-1.64281	6956.35	4374.45	0.067043
18857.1	-1.64281	6956.34	4374.49	0.0249397
18858.1	-1.64281	6956.34	4374.51	0.00907297
18859.1	-1.64281	6956.34	4374.51	0.00311608
18860.1	-1.64281	6956.34	4374.51	0.00113002
18861.1	-1.64281	6956.34	4374.51	0.000411064
18862.1	-1.64281	6956.34	4374.51	0.000142793
18863.1	-1.64281	6956.34	4374.51	5.34425e-05
18864.1	-1.64281	6956.34	4374.51	1.86106e-05
18865.1	-1.64281	6956.34	4374.51	6.91068e-06
18866.1	-1.64281	6956.34	4374.51	2.42154e-06
18867.1	-1.64281	6956.34	4374.51	8.81016e-07
18868.1	-1.64281	6956.34	4374.51	3.14794e-07
18869.1	-1.64281	6956.34	4374.51	1.1413e-07
18870.1	-1.64277	6953.05	4374.26	3.98805e-08
18871.1	-1.64277	6953.05	4374.26	1.45043e-08
18872.1	-1.64277	6953.05	4374.26	5.09454e-09
18873.1	-1.64277	6953.05	4374.26	1.91544e-09
18874.1	-1.64277	6953.05	4374.26	6.81984e-10
18875.1	-1.64277	6953.05	4374.26	2.44101e-10
18876.1	-1.64277	6953.05	4374.26	8.49488e-11
18877.1	-1.64277	6953.05	4374.26	3.11518e-11
18878.1	-1.64277	6953.05	4374.26	1.08839e-11
18879.1	-1.64277	6953.05	4374.26	3.86232e-12
18880.1	-1.64277	6953.05	4374.26	1.38238e-12
18881.1	-1.64277	6953.05	4374.26	5.15474e-13
18882.1	-1.64277	6953.05	4374.26	1.80235e-13
18883.1	-1.64277	6953.05	4374.26	5.97711e-14
18884.1	-1.64277	6953.05	4374.26	6.02642e-14
18885.1	-1.64277	6953.05	4374.26	5.92952e-14
18886.1	-1.64277	6953.05	4374.26	5.85857e-14
18887.1	-1.64277	6953.05	4374.26	5.93975e-14
18888.1	-1.64277	6953.05	4374.26	5.97648e-14
18889.1	-1.64277	6953.05	4374.26	6.09696e-14
18890.1	-1.64277	6953.05	4374.26	5.87119e-14
18891.1	-1.64277	6953.05	4374.26	5.918e-14
18892.1	-1.64277	6953.05	4374.26	6.0337e-14
18893.1	-1.64277	6953.05	4374.26	5.87837e-14
18894.1	-1.64277	6953.05	4374.26	5.89678e-14
18895.1	-1.64277	6953.05	4374.26	5.90971e-14
18896.1	-1.64277	6953.05	4374.26	5.87494e-14
18897.1	-1.64277	6953.05	4374.26	5.91701e-14
18898.1	-1.64277	6953.05	4374.26	5.96923e-14
18899.1	-1.64277	6953.05	4374.26	6.11903e-14
18900.1	-1.64277	6953.05	4374.29	0.255919
18901.1	-1.64018	6952.97	4375.8	2.43191
18902.1	-1.62352	6952.92	4379.25	4.23871
18903.1	-1.59779	6952.85	4384.58	6.14298
18904.1	-1.58484	6952.75	4391.86	8.14437
18905.1	-1.56735	6952.83	4401.09	10.1454
18906.1	-1.51619	6956.74	4412.09	12.0456
18907.1	-1.51619	6957.43	4424.84	12.9376
18908.1	-1.51619	6958.14	4437.81	12.9994
18909.1	-1.51619	6958.85	4450.76	13.0166
18910.1	-1.51619	6959.56	4463.7	13.0031
18911.1	-1.51619	6960.27	4476.67	12.9815
18912.1	-1.51619	6960.98	4489.64	13
18913.1	-1.51619	6961.68	4502.58	12.9489
18914.1	-1.51619	6962.39	4515.54	13.0287
18915.1	-1.51619	6963.1	4528.49	12.9875
18916.1	-1.51619	6963.81	4541.44	12.9877
18917.1	-1.51619	6964.52	4554.4	12.9334
18918.1	-1.51628	6965.22	4567.37	13.0108
18919.1	-1.52003	6965.88	4580.34	12.9639
18920.1	-1.52097	6966.53	4593.32	13.0317
18921.1	-1.52335	6967.15	4606.27	12.9391
18922.1	-1.52335	6967.76	4619.22	12.9971
18923.1	-1.52335	6968.38	4632.17	12.9751
18924.1	-1.52335	6968.99	4645.15	13.0344
18925.1	-1.46039	6970.32	4657.67	13.0149
18926.1	-1.40623	6972.33	4669.9	11.2458
18927.1	-1.40623	6973.88	4679.24	8.07504
18928.1	-1.40623	6974.94	4685.63	5.33651
18929.1	-1.3357	6976.44	4689.52	3.99827
18930.1	-1.07876	6980.02	4693.44	6.45954
18931.1	-0.510529	6986.98	4696.11	8.4844
18932.1	-0.0987082	6996.54	4696.62	10.4568
18933.1	0.0152581	7008.12	4699.75	12.4445
18934.1	0.0152581	7021.05	4699.55	12.914
18935.1	0.0152581	7034	4699.35	13.0062
18936.1	0.0152581	7046.98	4699.15	13.0233
18937.1	0.0152581	7059.97	4698.96	12.9489
18938.1	0.0157097	7072.94	4698.75	12.9601
18939.1	0.0157394	7085.89	4698.55	12.9556
18940.1	0.0146857	7098.87	4698.36	13.0187
18941.1	0.0125049	7111.83	4698.19	12.9973
18942.1	0.00995854	7124.69	4698.07	12.9359
18943.1	0.010137	7137.66	4697.94	13.0104
18944.1	0.0100402	7150.46	4701.11	13.0009
18945.1	0.00991799	7163.33	4700.98	12.9134
18946.1	0.00991799	7176.22	4700.85	12.9957
18947.1	0.00991799	7189.12	4700.72	13.035
18948.1	-0.00875613	7202.02	4700.82	12.9256
18949.1	-0.127727	7214.41	4702.32	13.0284
18950.1	-0.35757	7226.13	4706.57	12.9996
18951.1	-0.409459	7237.84	4711.63	12.9505
18952.1	-0.45132	7249.31	4717.18	12.9315
18953.1	-0.57841	7260.07	4724.19	12.9615
18954.1	-0.598822	7270.81	4731.51	12.962
18955.1	-0.598918	7281.62	4738.89	12.9265
18956.1	-0.586715	7292.49	4746.12	12.8683
18957.1	-0.722136	7300.77	4753.58	9.58623
18958.1	-0.801398	7306.25	4759.44	6.68437
18959.1	-0.895449	7309.18	4763.82	4.07334
18960.1	-0.959529	7310.63	4766.28	1.30864
18961.1	-0.962484	7310.69	4766.39	0
18962.1	-0.962484	7310.69	4766.39	0
18963.1	-0.962484	7310.69	4766.39	0
18964.1	-0.962484	7310.69	4766.39	0
18965.1	-0.962484	7310.69	4766.39	0
18966.1	-0.962484	7310.69	4766.39	0
18967.1	-0.962484	7310.69	4766.39	0
18968.1	-0.962484	7310.69	4766.39	0
18969.1	-0.962484	7310.69	4766.39	0
18970.1	-0.962484	7310.69	4766.39	0
18971.1	-0.962484	7310.69	4766.39	0
18972.1	-0.962484	7310.69	4766.39	0
18973.1	-0.962484	7310.69	4766.39	0
18974.1	-0.962484	7310.69	4766.39	0
18975.1	-0.962484	7310.69	4766.39	0
18976.1	-0.962484	7310.69	4766.39	0
18977.1	-0.962484	7310.69	4766.39	0
18978.1	-0.962484	7310.69	4766.39	0
18979.1	-0.962484	7310.69	4766.39	0
18980.1	-0.96423	7310.73	4766.46	0.49224
18981.1	-0.993314	7311.62	4767.99	2.72697
18982.1	-1.03092	7313.51	4771.26	4.57107
18983.1	-1.04675	7316.38	4776.23	6.55376
18984.1	-1.11347	7319.54	4783.3	8.55263
18985.1	-1.18485	7323.2	4792.32	10.6232
18986.1	-1.18485	7327.65	4803.27	12.6614
18987.1	-1.18485	7332.57	4815.38	12.9996
18988.1	-1.20012	7337.33	4827.57	12.9079
18989.1	-1.21496	7341.89	4839.84	12.9236
18990.1	-1.21496	7346.44	4852.1	12.9634
18991.1	-1.21037	7351.05	4864.34	13.0286
18992.1	-1.19113	7355.9	4876.49	12.9534
18993.1	-1.19113	7360.74	4888.63	12.9344
18994.1	-1.19113	7365.6	4900.79	12.9073
18995.1	-1.18422	7370.52	4912.91	13.0042
18996.1	-1.18089	7375.49	4925	12.9195
18997.1	-1.18089	7380.47	4937.11	12.9177
18998.1	-1.04095	7386.86	4948.3	12.967
18999.1	-0.822078	7395.76	4957.87	13.0366
19000.1	-0.822078	7404.65	4967.44	13.0011
19001.1	-0.822078	7413.55	4977.02	12.937
19002.1	-0.523495	7423.96	4983.36	12.9747
19003.1	-0.0524103	7437.02	4984.04	12.9793
19004.1	-0.0524103	7449.86	4984.72	11.9166
19005.1	-0.0524103	7460.11	4985.26	9.32934
19006.1	0.0155494	7470.67	4984.99	11.5283
19007.1	0.0171715	7480.26	4984.73	12.9421
19008.1	-1.35794	7482.91	4996.63	12.9947
19009.1	-1.44548	7484.6	5009.4	13.0233
19010.1	-1.48049	7485.76	5022.23	12.9575
19011.1	-1.48049	7486.92	5035.07	13.0111
19012.1	-1.52887	7487.51	5047.94	12.9524
19013.1	-1.57804	7487.42	5060.83	12.9215
19014.1	-1.6124	7486.88	5073.72	13.0346
19015.1	-1.6124	7486.35	5086.59	12.9806
19016.1	-1.61578	7485.77	5099.5	12.9669
19017.1	-1.61693	7485.17	5112.37	12.9284
19018.1	-1.61693	7484.58	5125.25	13.0286
19019.1	-1.62491	7483.89	5138.14	12.9846
19020.1	-1.62562	7483.18	5151.02	13.0037
19021.1	-1.62562	7482.48	5163.85	12.9496
19022.1	-1.62562	7481.77	5176.7	12.9576
19023.1	-1.64937	7480.79	5189.54	12.9223
19024.1	-1.71041	7478.99	5202.32	13.0371
19025.1	-1.72698	7477.16	5213.94	10.4566
19026.1	-1.7763	7475.26	5222.36	7.29621
19027.1	-1.79284	7473.98	5228.04	4.67456
19028.1	-1.79637	7473.18	5231.41	2.66344
19029.1	-1.80619	7472.67	5233.13	1.22312
19030.1	-1.8105	7472.45	5233.88	0.52244
19031.1	-1.81217	7472.36	5234.17	0.185576
19032.1	-1.81277	7472.33	5234.28	0.0666845
19033.1	-1.81298	7472.32	5234.32	0.0235884
19034.1	-1.81306	7472.31	5234.33	0.00839009
19035.1	-1.81308	7472.31	5234.33	0.00296871
19036.1	-1.81309	7472.31	5234.34	0.00108826
19037.1	-1.8131	7472.31	5234.34	0.000388173
19038.1	-1.8131	7472.31	5234.34	0.000141498
19039.1	-1.8131	7472.31	5234.34	5.13619e-05
19040.1	-1.8131	7472.31	5234.34	1.80657e-05
19041.1	-1.8131	7472.31	5234.34	6.6177e-06
19042.1	-1.8131	7472.31	5234.34	2.32892e-06
19043.1	-1.8131	7472.31	5234.34	8.4161e-07
19044.1	-1.8131	7472.31	5234.34	3.05925e-07
19045.1	-1.8131	7472.31	5234.34	1.07797e-07
19046.1	-1.8131	7472.31	5234.34	3.83219e-08
19047.1	-1.8131	7472.31	5234.34	1.43681e-08
19048.1	-1.8131	7472.31	5234.34	5.07281e-09
19049.1	-1.8131	7472.31	5234.34	1.801e-09
19050.1	-1.8131	7472.31	5234.34	6.27914e-10
19051.1	-1.8131	7472.31	5234.34	2.24971e-10
19052.1	-1.8131	7472.31	5234.34	8.11192e-11
19053.1	-1.8131	7472.31	5234.34	2.84836e-11
19054.1	-1.8131	7472.31	5234.34	1.02148e-11
19055.1	-1.8131	7472.31	5234.34	3.80876e-12
19056.1	-1.8131	7472.31	5234.34	1.33047e-12
19057.1	-1.8131	7472.31	5234.34	4.73048e-13
19058.1	-1.8131	7472.31	5234.34	1.4663e-13
19059.1	-1.8131	7472.31	5234.34	1.15605e-13
19060.1	-1.8131	7472.31	5234.34	1.14396e-13
19061.1	-1.8131	7472.31	5234.34	1.15707e-13
19062.1	-1.8131	7472.31	5234.34	1.16531e-13
19063.1	-1.8131	7472.31	5234.34	1.17099e-13
19064.1	-1.8131	7472.31	5234.34	1.13593e-13
19065.1	-1.8131	7472.31	5234.34	1.16794e-13
19066.1	-1.8131	7472.31	5234.34	1.15341e-13
19067.1	-1.8131	7472.31	5234.34	1.13536e-13
19068.1	-1.8131	7472.31	5234.34	1.15583e-13
19069.1	-1.8131	7472.31	5234.34	1.18295e-13
19070.1	-1.8131	7472.31	5234.34	1.13488e-13
19071.1	-1.8131	7472.31	5234.34	1.12819e-13
19072.1	-1.8131	7472.31	5234.34	1.14418e-13
19073.1	-1.8131	7472.31	5234.34	1.1366e-13
19074.1	-1.8131	7472.31	5234.34	1.1333e-13
19075.1	-1.8131	7472.31	5234.34	1.18344e-13
19076.1	-1.8131	7472.31	5234.34	1.17057e-13
19077.1	-1.8131	7472.31	5234.34	1.18257e-13
19078.1	-1.8131	7472.31	5234.34	1.13368e-13
19079.1	-1.8131	7472.31	5234.34	1.16628e-13
19080.1	-1.81324	7472.3	5234.36	0.259974
19081.1	-1.82049	7471.88	5235.84	2.48839
19082.1	-1.83244	7470.96	5239.28	4.45277
19083.1	-1.83821	7469.5	5244.7	6.45943
19084.1	-1.83348	7467.55	5251.97	8.35142
19085.1	-1.83348	7465.12	5260.99	10.0614
19086.1	-1.80385	7462.53	5272.01	12.1618
19087.1	-1.79461	7459.67	5284.53	13.0236
19088.1	-1.79461	7456.79	5297.19	12.9992
19089.1	-1.79461	7453.91	5309.84	12.9891
19090.1	-1.79461	7451.03	5322.49	13.0055
19091.1	-1.79461	7448.16	5335.13	12.9429
19092.1	-1.79461	7445.28	5347.78	13.0129
19093.1	-1.78939	7442.43	5360.57	13.0347
19094.1	-1.732	7440.3	5373.47	12.4677
19095.1	-1.70908	7438.84	5383.95	9.14785
19096.1	-1.70908	7437.8	5391.4	6.30572
19097.1	-1.70908	7437.13	5396.2	3.79716
19098.1	-1.70908	7436.8	5398.61	0.807442
19099.1	-1.70908	7436.79	5398.65	0
19100.1	-1.70908	7436.79	5398.65	0
19101.1	-1.70908	7436.79	5398.65	0
19102.1	-1.70908	7436.79	5398.65	0
19103.1	-1.70908	7436.79	5398.65	0
19104.1	-1.70908	7436.79	5398.65	0
19105.1	-1.70908	7436.79	5398.65	0
19106.1	-1.70908	7436.79	5398.65	0
19107.1	-1.70908	7436.79	5398.65	0
19108.1	-1.70908	7436.79	5398.65	0
19109.1	-1.70908	7436.79	5398.65	0
19110.1	-1.70908	7436.79	5398.65	0
19111.1	-1.70908	7436.79	5398.65	0
19112.1	-1.70908	7436.79	5398.65	0
19113.1	-1.70908	7436.79	5398.65	0
19114.1	-1.70908	7436.79	5398.65	0
19115.1	-1.70908	7436.79	5398.65	0
19116.1	-1.70908	7436.79	5398.65	0
19117.1	-1.70908	7436.79	5398.65	0
19118.1	-1.70908	7436.77	5398.8	0.750446
19119.1	-1.70908	7436.5	5400.73	2.80464
19120.1	-1.70908	7435.95	5404.72	4.9563
19121.1	-1.70908	7435.13	5410.58	6.7222
19122.1	-1.70908	7434.05	5418.37	8.75348
